0.0433 0.6300
0.0467 0.7033
0.0500 0.6833
0.0500 0.6900
0.0500 0.6933
0.0500 0.7100
0.0567 0.7333
0.0600 0.5567
0.0600 0.6200
0.0600 0.6667
0.0600 0.7000
0.0600 0.7067
0.0600 0.7133
0.0600 0.7267
0.0633 0.6367
0.0633 0.6567
0.0633 0.7067
0.0633 0.7267
0.0633 0.7400
0.0633 0.7667
0.0667 0.6167
0.0700 0.5500
0.0700 0.5600
0.0700 0.6533
0.0700 0.6667
0.0700 0.6867
0.0700 0.7200
0.0700 0.7767
0.0733 0.5167
0.0733 0.5233
0.0733 0.5267
0.0733 0.5333
0.0733 0.6100
0.0733 0.6333
0.0733 0.6600
0.0733 0.6700
0.0733 0.6933
0.0733 0.7533
0.0767 0.5600
0.0767 0.5800
0.0767 0.6333
0.0767 0.6533
0.0767 0.6567
0.0767 0.6900
0.0767 0.7033
0.0767 0.7600
0.0800 0.4833
0.0800 0.4967
0.0800 0.5333
0.0800 0.6133
0.0800 0.7633
0.0800 0.7700
0.0833 0.5000
0.0833 0.5567
0.0833 0.6167
0.0833 0.7433
0.0833 0.7700
0.0867 0.4800
0.0867 0.5333
0.0867 0.5667
0.0867 0.6167
0.0867 0.6267
0.0867 0.6500
0.0867 0.7133
0.0867 0.7167
0.0867 0.7333
0.0867 0.7467
0.0867 0.7800
0.0900 0.4767
0.0900 0.4967
0.0900 0.5467
0.0900 0.5567
0.0900 0.5867
0.0900 0.6433
0.0900 0.6500
0.0900 0.6567
0.0900 0.6667
0.0900 0.6767
0.0900 0.6900
0.0900 0.6967
0.0900 0.7100
0.0900 0.7133
0.0900 0.7433
0.0900 0.7467
0.0900 0.7833
0.0933 0.4733
0.0933 0.4967
0.0933 0.5000
0.0933 0.5033
0.0933 0.5633
0.0933 0.5900
0.0933 0.6533
0.0933 0.6667
0.0933 0.6733
0.0933 0.7400
0.0933 0.7567
0.0933 0.7767
0.0933 0.7800
0.0967 0.4800
0.0967 0.5233
0.0967 0.5600
0.0967 0.6833
0.0967 0.7233
0.0967 0.7367
0.0967 0.7767
0.1000 0.4800
0.1000 0.5200
0.1000 0.5733
0.1000 0.6333
0.1000 0.6800
0.1000 0.6967
0.1000 0.7167
0.1000 0.7667
0.1000 0.7733
0.1000 0.7833
0.1000 0.7900
0.1033 0.4900
0.1033 0.4933
0.1033 0.5733
0.1033 0.6400
0.1033 0.6533
0.1033 0.7133
0.1033 0.7267
0.1033 0.7300
0.1033 0.7633
0.1033 0.7700
0.1067 0.5767
0.1067 0.6167
0.1067 0.6867
0.1067 0.7333
0.1067 0.7367
0.1067 0.7800
0.1067 0.7900
0.1067 0.8133
0.1100 0.4800
0.1100 0.5000
0.1100 0.5833
0.1100 0.6400
0.1100 0.6900
0.1133 0.5200
0.1133 0.6033
0.1133 0.6067
0.1133 0.6200
0.1133 0.6267
0.1133 0.6667
0.1133 0.6733
0.1167 0.4767
0.1167 0.4867
0.1167 0.4933
0.1167 0.5200
0.1167 0.5233
0.1167 0.5300
0.1167 0.5500
0.1167 0.5900
0.1167 0.6133
0.1167 0.6267
0.1167 0.7467
0.1167 0.7800
0.1167 0.7867
0.1167 0.7933
0.1200 0.4467
0.1200 0.4567
0.1200 0.4733
0.1200 0.5433
0.1200 0.5933
0.1200 0.6367
0.1200 0.7067
0.1200 0.7300
0.1200 0.7533
0.1200 0.7733
0.1200 0.8067
0.1233 0.4600
0.1233 0.4667
0.1233 0.4867
0.1233 0.5367
0.1233 0.5733
0.1233 0.6033
0.1233 0.6933
0.1233 0.7067
0.1233 0.7800
0.1233 0.7833
0.1267 0.4300
0.1267 0.4933
0.1267 0.5133
0.1267 0.6267
0.1267 0.6567
0.1267 0.7833
0.1267 0.7900
0.1267 0.7967
0.1267 0.8067
0.1267 0.8100
0.1267 0.8233
0.1300 0.4467
0.1300 0.4500
0.1300 0.4533
0.1300 0.5600
0.1300 0.6433
0.1300 0.7100
0.1300 0.7733
0.1300 0.7833
0.1300 0.8667
0.1333 0.5133
0.1333 0.5367
0.1333 0.5533
0.1333 0.6533
0.1333 0.6967
0.1333 0.7233
0.1333 0.7633
0.1333 0.8767
0.1367 0.4867
0.1367 0.4967
0.1367 0.6833
0.1367 0.7167
0.1367 0.7267
0.1367 0.7600
0.1367 0.7967
0.1367 0.8267
0.1367 0.8767
0.1400 0.4400
0.1400 0.4700
0.1400 0.4900
0.1400 0.4967
0.1400 0.5100
0.1400 0.5267
0.1400 0.5633
0.1400 0.5667
0.1400 0.6367
0.1400 0.7600
0.1400 0.7933
0.1400 0.8400
0.1400 0.8600
0.1433 0.4233
0.1433 0.4267
0.1433 0.4300
0.1433 0.4500
0.1433 0.4533
0.1433 0.4667
0.1433 0.4867
0.1433 0.5200
0.1433 0.6400
0.1433 0.7367
0.1433 0.7500
0.1433 0.7633
0.1433 0.7767
0.1433 0.8367
0.1433 0.8567
0.1467 0.4333
0.1467 0.4867
0.1467 0.5167
0.1467 0.6133
0.1467 0.6200
0.1467 0.7133
0.1467 0.7533
0.1467 0.7667
0.1467 0.7967
0.1467 0.8767
0.1467 0.8800
0.1467 0.8833
0.1500 0.4200
0.1500 0.4967
0.1500 0.5433
0.1500 0.5467
0.1500 0.6133
0.1500 0.6467
0.1500 0.6567
0.1500 0.6600
0.1500 0.6700
0.1500 0.6833
0.1500 0.7333
0.1500 0.7467
0.1500 0.7567
0.1500 0.7833
0.1500 0.8233
0.1500 0.8300
0.1500 0.8567
0.1533 0.4167
0.1533 0.4200
0.1533 0.5200
0.1533 0.5567
0.1533 0.6467
0.1533 0.6600
0.1533 0.7333
0.1533 0.7733
0.1533 0.8000
0.1533 0.8467
0.1533 0.8533
0.1533 0.8767
0.1533 0.8800
0.1533 0.8833
0.1567 0.4233
0.1567 0.4300
0.1567 0.4700
0.1567 0.5600
0.1567 0.6000
0.1567 0.6167
0.1567 0.6400
0.1567 0.7300
0.1567 0.7600
0.1567 0.7767
0.1567 0.7900
0.1567 0.8133
0.1567 0.8600
0.1567 0.8700
0.1600 0.4800
0.1600 0.4967
0.1600 0.5367
0.1600 0.5700
0.1600 0.6200
0.1600 0.6333
0.1600 0.6500
0.1600 0.7033
0.1600 0.7333
0.1600 0.7433
0.1600 0.7567
0.1600 0.7600
0.1600 0.7800
0.1600 0.8233
0.1600 0.8400
0.1600 0.8667
0.1600 0.8767
0.1600 0.8833
0.1633 0.4167
0.1633 0.4667
0.1633 0.5233
0.1633 0.5700
0.1633 0.5967
0.1633 0.6600
0.1633 0.6733
0.1633 0.6900
0.1633 0.7633
0.1633 0.8000
0.1633 0.8133
0.1633 0.8633
0.1667 0.3833
0.1667 0.3900
0.1667 0.5667
0.1667 0.5800
0.1667 0.6033
0.1667 0.6467
0.1667 0.7800
0.1667 0.7867
0.1667 0.7967
0.1667 0.8667
0.1667 0.9067
0.1700 0.4733
0.1700 0.4800
0.1700 0.5433
0.1700 0.5800
0.1700 0.6133
0.1700 0.6700
0.1700 0.7367
0.1700 0.7533
0.1700 0.8433
0.1700 0.8867
0.1700 0.8900
0.1733 0.3767
0.1733 0.3967
0.1733 0.4033
0.1733 0.4300
0.1733 0.5167
0.1733 0.5433
0.1733 0.5867
0.1733 0.6900
0.1733 0.7267
0.1733 0.7733
0.1733 0.7967
0.1733 0.8067
0.1733 0.8833
0.1767 0.4200
0.1767 0.4700
0.1767 0.4767
0.1767 0.4800
0.1767 0.5100
0.1767 0.5500
0.1767 0.5833
0.1767 0.8100
0.1767 0.9067
0.1800 0.4133
0.1800 0.4600
0.1800 0.4700
0.1800 0.4800
0.1800 0.5633
0.1800 0.6700
0.1800 0.6767
0.1800 0.7133
0.1800 0.7367
0.1800 0.8000
0.1800 0.8867
0.1800 0.8933
0.1833 0.4067
0.1833 0.4100
0.1833 0.4233
0.1833 0.5333
0.1833 0.5533
0.1833 0.6433
0.1833 0.6467
0.1833 0.6567
0.1833 0.6933
0.1833 0.7067
0.1833 0.7100
0.1833 0.7267
0.1833 0.7333
0.1833 0.7700
0.1833 0.7800
0.1833 0.8033
0.1833 0.8167
0.1833 0.8600
0.1867 0.3833
0.1867 0.4067
0.1867 0.4400
0.1867 0.4600
0.1867 0.4867
0.1867 0.5100
0.1867 0.5167
0.1867 0.5933
0.1867 0.6000
0.1867 0.6867
0.1867 0.7000
0.1867 0.7300
0.1867 0.7533
0.1867 0.7733
0.1867 0.7933
0.1867 0.8600
0.1867 0.8800
0.1900 0.4067
0.1900 0.4267
0.1900 0.4533
0.1900 0.4567
0.1900 0.5233
0.1900 0.5667
0.1900 0.5733
0.1900 0.5833
0.1900 0.5867
0.1900 0.7167
0.1900 0.7367
0.1900 0.7733
0.1900 0.8233
0.1900 0.8267
0.1900 0.8767
0.1900 0.8900
0.1900 0.9033
0.1900 0.9100
0.1933 0.3900
0.1933 0.4000
0.1933 0.4067
0.1933 0.4267
0.1933 0.4733
0.1933 0.5367
0.1933 0.5433
0.1933 0.5767
0.1933 0.6100
0.1933 0.6400
0.1933 0.6467
0.1933 0.6533
0.1933 0.6867
0.1933 0.7033
0.1933 0.7100
0.1933 0.7833
0.1933 0.7867
0.1933 0.7933
0.1933 0.8900
0.1967 0.4600
0.1967 0.4800
0.1967 0.4933
0.1967 0.5267
0.1967 0.5367
0.1967 0.5900
0.1967 0.6900
0.1967 0.7233
0.1967 0.7367
0.1967 0.7533
0.1967 0.7600
0.1967 0.7633
0.1967 0.7867
0.1967 0.8867
0.2000 0.3800
0.2000 0.4033
0.2000 0.4200
0.2000 0.4433
0.2000 0.4467
0.2000 0.4667
0.2000 0.4900
0.2000 0.5400
0.2000 0.5700
0.2000 0.6100
0.2000 0.7600
0.2000 0.7900
0.2000 0.8067
0.2000 0.8167
0.2000 0.8833
0.2000 0.8900
0.2000 0.8967
0.2033 0.3867
0.2033 0.4400
0.2033 0.5800
0.2033 0.7033
0.2033 0.7533
0.2033 0.7933
0.2033 0.8000
0.2033 0.8267
0.2033 0.8933
0.2033 0.8967
0.2067 0.3900
0.2067 0.4467
0.2067 0.4633
0.2067 0.4800
0.2067 0.4933
0.2067 0.5000
0.2067 0.6967
0.2067 0.7567
0.2067 0.7767
0.2067 0.7867
0.2067 0.8000
0.2067 0.8133
0.2067 0.8433
0.2067 0.8500
0.2067 0.8533
0.2067 0.8567
0.2067 0.9033
0.2067 0.9167
0.2100 0.3733
0.2100 0.3867
0.2100 0.3967
0.2100 0.4800
0.2100 0.5033
0.2100 0.7467
0.2100 0.7633
0.2100 0.8233
0.2100 0.8633
0.2100 0.8867
0.2133 0.3633
0.2133 0.5167
0.2133 0.5233
0.2133 0.7767
0.2133 0.7800
0.2133 0.7900
0.2133 0.8600
0.2133 0.8633
0.2133 0.8967
0.2167 0.3933
0.2167 0.4400
0.2167 0.4467
0.2167 0.4667
0.2167 0.5067
0.2167 0.8100
0.2167 0.8333
0.2167 0.8967
0.2167 0.9300
0.2200 0.4167
0.2200 0.4233
0.2200 0.4733
0.2200 0.4833
0.2200 0.5067
0.2200 0.5367
0.2200 0.5400
0.2200 0.7900
0.2200 0.8233
0.2200 0.9100
0.2200 0.9333
0.2233 0.4767
0.2233 0.5267
0.2233 0.7900
0.2233 0.8300
0.2233 0.8333
0.2233 0.8467
0.2233 0.9167
0.2267 0.1200
0.2267 0.3467
0.2267 0.4233
0.2267 0.4333
0.2267 0.4533
0.2267 0.4867
0.2267 0.5100
0.2267 0.6033
0.2267 0.6067
0.2267 0.6533
0.2267 0.7533
0.2267 0.7700
0.2267 0.8367
0.2267 0.9033
0.2300 0.0500
0.2300 0.0700
0.2300 0.1067
0.2300 0.3400
0.2300 0.3467
0.2300 0.4400
0.2300 0.4800
0.2300 0.4867
0.2300 0.5367
0.2300 0.5933
0.2300 0.5967
0.2300 0.6700
0.2300 0.7600
0.2300 0.8067
0.2300 0.8133
0.2300 0.8200
0.2300 0.8467
0.2300 0.9167
0.2300 0.9233
0.2333 0.1233
0.2333 0.1500
0.2333 0.4200
0.2333 0.4767
0.2333 0.4833
0.2333 0.4967
0.2333 0.5167
0.2333 0.6600
0.2333 0.7967
0.2333 0.8367
0.2333 0.8533
0.2333 0.8633
0.2333 0.9033
0.2367 0.0967
0.2367 0.3367
0.2367 0.3467
0.2367 0.3833
0.2367 0.4000
0.2367 0.4267
0.2367 0.4367
0.2367 0.4700
0.2367 0.4967
0.2367 0.6233
0.2367 0.7800
0.2367 0.8000
0.2367 0.8033
0.2367 0.8067
0.2367 0.8767
0.2367 0.8967
0.2367 0.9000
0.2367 0.9067
0.2400 0.0533
0.2400 0.0667
0.2400 0.0800
0.2400 0.0900
0.2400 0.1033
0.2400 0.1233
0.2400 0.1333
0.2400 0.1367
0.2400 0.3367
0.2400 0.3467
0.2400 0.3633
0.2400 0.3667
0.2400 0.5200
0.2400 0.5700
0.2400 0.5767
0.2400 0.5967
0.2400 0.6567
0.2400 0.6600
0.2400 0.7867
0.2400 0.8700
0.2400 0.8933
0.2400 0.9167
0.2400 0.9300
0.2433 0.0667
0.2433 0.1267
0.2433 0.3467
0.2433 0.3667
0.2433 0.3900
0.2433 0.4100
0.2433 0.4400
0.2433 0.4733
0.2433 0.4933
0.2433 0.5233
0.2433 0.5700
0.2433 0.6600
0.2433 0.7833
0.2433 0.8500
0.2433 0.8700
0.2433 0.8867
0.2433 0.9033
0.2433 0.9333
0.2467 0.0933
0.2467 0.1000
0.2467 0.3333
0.2467 0.3367
0.2467 0.4500
0.2467 0.5067
0.2467 0.5800
0.2467 0.5833
0.2467 0.5933
0.2467 0.8000
0.2467 0.8167
0.2467 0.8800
0.2467 0.8833
0.2467 0.8933
0.2500 0.0533
0.2500 0.0633
0.2500 0.0700
0.2500 0.0967
0.2500 0.1100
0.2500 0.1333
0.2500 0.1367
0.2500 0.3767
0.2500 0.3833
0.2500 0.4067
0.2500 0.4467
0.2500 0.6667
0.2500 0.9100
0.2533 0.1000
0.2533 0.1200
0.2533 0.1267
0.2533 0.1700
0.2533 0.3433
0.2533 0.3467
0.2533 0.4067
0.2533 0.4133
0.2533 0.4400
0.2533 0.5933
0.2533 0.6067
0.2533 0.6133
0.2533 0.6700
0.2533 0.7067
0.2533 0.8567
0.2567 0.0633
0.2567 0.1467
0.2567 0.1567
0.2567 0.3367
0.2567 0.3633
0.2567 0.3800
0.2567 0.4000
0.2567 0.4067
0.2567 0.4700
0.2567 0.5900
0.2567 0.6533
0.2567 0.9000
0.2600 0.0567
0.2600 0.0767
0.2600 0.0833
0.2600 0.1233
0.2600 0.1333
0.2600 0.1433
0.2600 0.3333
0.2600 0.3400
0.2600 0.3733
0.2600 0.4067
0.2600 0.5833
0.2600 0.6033
0.2600 0.6433
0.2600 0.7100
0.2600 0.8333
0.2600 0.9033
0.2633 0.0700
0.2633 0.0767
0.2633 0.1533
0.2633 0.3267
0.2633 0.3800
0.2633 0.4067
0.2633 0.4100
0.2633 0.4133
0.2633 0.4167
0.2633 0.4200
0.2633 0.4333
0.2633 0.4767
0.2633 0.5733
0.2633 0.5800
0.2633 0.5833
0.2633 0.6300
0.2633 0.7000
0.2633 0.7133
0.2633 0.8467
0.2633 0.8800
0.2633 0.8933
0.2667 0.0733
0.2667 0.1467
0.2667 0.3400
0.2667 0.3567
0.2667 0.4300
0.2667 0.4333
0.2667 0.4633
0.2667 0.4700
0.2667 0.4800
0.2667 0.6867
0.2667 0.8400
0.2667 0.8533
0.2667 0.8800
0.2667 0.9000
0.2667 0.9400
0.2700 0.0600
0.2700 0.0733
0.2700 0.1300
0.2700 0.1567
0.2700 0.1800
0.2700 0.3333
0.2700 0.4167
0.2700 0.4400
0.2700 0.4433
0.2700 0.4567
0.2700 0.6100
0.2700 0.8500
0.2700 0.9167
0.2700 0.9400
0.2733 0.0700
0.2733 0.1567
0.2733 0.1733
0.2733 0.3767
0.2733 0.4033
0.2733 0.4400
0.2733 0.4667
0.2733 0.4733
0.2733 0.6300
0.2733 0.6400
0.2733 0.8267
0.2733 0.9267
0.2767 0.1400
0.2767 0.1500
0.2767 0.3600
0.2767 0.3667
0.2767 0.4067
0.2767 0.4267
0.2767 0.6133
0.2767 0.6633
0.2767 0.6933
0.2767 0.8400
0.2767 0.8867
0.2767 0.9067
0.2767 0.9133
0.2767 0.9233
0.2767 0.9400
0.2800 0.1333
0.2800 0.3567
0.2800 0.3633
0.2800 0.3833
0.2800 0.3867
0.2800 0.4433
0.2800 0.6033
0.2800 0.6667
0.2800 0.8300
0.2800 0.8600
0.2800 0.8633
0.2800 0.9367
0.2833 0.0567
0.2833 0.1100
0.2833 0.3633
0.2833 0.4100
0.2833 0.4167
0.2833 0.4367
0.2833 0.6133
0.2833 0.6833
0.2833 0.7000
0.2833 0.8400
0.2833 0.8567
0.2833 0.8933
0.2867 0.0567
0.2867 0.1067
0.2867 0.1133
0.2867 0.1200
0.2867 0.1367
0.2867 0.1567
0.2867 0.1667
0.2867 0.3567
0.2867 0.3633
0.2867 0.4033
0.2867 0.4533
0.2867 0.4600
0.2867 0.8500
0.2867 0.8733
0.2867 0.9200
0.2867 0.9433
0.2900 0.0800
0.2900 0.0967
0.2900 0.3533
0.2900 0.3633
0.2900 0.4033
0.2900 0.4100
0.2900 0.4200
0.2900 0.4733
0.2900 0.4767
0.2900 0.6267
0.2900 0.6833
0.2900 0.6900
0.2900 0.8567
0.2900 0.8633
0.2900 0.9167
0.2900 0.9267
0.2900 0.9433
0.2933 0.0600
0.2933 0.0633
0.2933 0.0667
0.2933 0.1067
0.2933 0.1133
0.2933 0.1167
0.2933 0.1333
0.2933 0.1467
0.2933 0.1500
0.2933 0.4000
0.2933 0.4033
0.2933 0.4333
0.2933 0.4533
0.2933 0.4733
0.2933 0.5800
0.2933 0.5900
0.2933 0.5967
0.2933 0.6000
0.2933 0.6033
0.2933 0.6533
0.2933 0.8733
0.2933 0.8767
0.2933 0.8867
0.2933 0.9067
0.2933 0.9100
0.2933 0.9300
0.2933 0.9333
0.2967 0.0633
0.2967 0.1033
0.2967 0.1233
0.2967 0.1367
0.2967 0.1400
0.2967 0.1700
0.2967 0.3467
0.2967 0.3733
0.2967 0.4033
0.2967 0.4600
0.2967 0.4667
0.2967 0.5800
0.2967 0.6100
0.2967 0.6267
0.2967 0.6467
0.2967 0.6600
0.2967 0.9333
0.3000 0.0567
0.3000 0.0833
0.3000 0.0900
0.3000 0.1133
0.3000 0.1433
0.3000 0.1567
0.3000 0.1633
0.3000 0.3367
0.3000 0.3467
0.3000 0.3700
0.3000 0.4033
0.3000 0.5933
0.3000 0.5967
0.3000 0.6067
0.3000 0.6100
0.3000 0.6133
0.3000 0.6200
0.3000 0.6300
0.3000 0.6500
0.3000 0.6767
0.3000 0.8600
0.3000 0.8733
0.3000 0.9033
0.3000 0.9133
0.3033 0.0967
0.3033 0.1667
0.3033 0.3433
0.3033 0.3700
0.3033 0.3800
0.3033 0.3967
0.3033 0.4100
0.3033 0.4367
0.3033 0.4400
0.3033 0.4433
0.3033 0.5867
0.3033 0.5900
0.3033 0.6100
0.3033 0.6400
0.3033 0.6567
0.3033 0.6867
0.3033 0.6933
0.3033 0.8333
0.3033 0.8700
0.3033 0.9067
0.3033 0.9367
0.3033 0.9433
0.3067 0.1000
0.3067 0.1033
0.3067 0.1633
0.3067 0.3167
0.3067 0.3500
0.3067 0.3533
0.3067 0.4000
0.3067 0.4433
0.3067 0.8500
0.3067 0.8900
0.3067 0.9333
0.3067 0.9500
0.3100 0.0600
0.3100 0.1267
0.3100 0.3800
0.3100 0.3933
0.3100 0.4300
0.3100 0.5900
0.3100 0.5967
0.3100 0.6267
0.3100 0.6300
0.3100 0.6533
0.3100 0.6867
0.3100 0.8600
0.3100 0.8867
0.3100 0.9433
0.3133 0.0767
0.3133 0.1067
0.3133 0.1100
0.3133 0.1200
0.3133 0.1267
0.3133 0.1300
0.3133 0.1400
0.3133 0.1433
0.3133 0.3667
0.3133 0.3733
0.3133 0.4067
0.3133 0.6100
0.3133 0.6900
0.3133 0.7067
0.3133 0.8767
0.3133 0.8967
0.3133 0.9300
0.3167 0.0600
0.3167 0.0967
0.3167 0.1067
0.3167 0.1300
0.3167 0.1400
0.3167 0.1733
0.3167 0.3100
0.3167 0.3133
0.3167 0.3800
0.3167 0.5767
0.3167 0.5833
0.3167 0.6500
0.3167 0.9167
0.3167 0.9200
0.3200 0.0667
0.3200 0.1167
0.3200 0.1200
0.3200 0.1233
0.3200 0.1333
0.3200 0.1467
0.3200 0.1733
0.3200 0.3700
0.3200 0.3967
0.3200 0.4067
0.3200 0.4467
0.3200 0.6667
0.3200 0.6700
0.3200 0.7100
0.3200 0.8600
0.3200 0.8967
0.3200 0.9000
0.3200 0.9200
0.3200 0.9400
0.3233 0.0600
0.3233 0.0667
0.3233 0.1300
0.3233 0.3267
0.3233 0.3533
0.3233 0.3767
0.3233 0.4167
0.3233 0.5800
0.3233 0.6267
0.3233 0.8967
0.3233 0.9467
0.3267 0.0633
0.3267 0.1033
0.3267 0.1733
0.3267 0.1767
0.3267 0.1833
0.3267 0.3167
0.3267 0.3667
0.3267 0.3967
0.3267 0.4333
0.3267 0.4467
0.3267 0.5767
0.3267 0.6067
0.3267 0.6100
0.3267 0.6600
0.3267 0.9200
0.3267 0.9267
0.3300 0.0533
0.3300 0.0567
0.3300 0.0867
0.3300 0.1000
0.3300 0.1433
0.3300 0.1700
0.3300 0.3967
0.3300 0.4133
0.3300 0.4233
0.3300 0.6100
0.3300 0.6300
0.3300 0.6333
0.3300 0.6367
0.3300 0.6433
0.3300 0.6633
0.3300 0.8400
0.3300 0.8800
0.3300 0.8900
0.3333 0.0533
0.3333 0.0567
0.3333 0.1100
0.3333 0.1333
0.3333 0.1567
0.3333 0.3233
0.3333 0.3500
0.3333 0.3600
0.3333 0.3767
0.3333 0.4267
0.3333 0.4433
0.3333 0.4500
0.3333 0.5833
0.3333 0.6300
0.3333 0.6533
0.3333 0.6867
0.3333 0.6900
0.3333 0.8633
0.3333 0.8733
0.3333 0.8833
0.3367 0.0733
0.3367 0.0900
0.3367 0.3633
0.3367 0.3900
0.3367 0.5900
0.3367 0.6000
0.3367 0.6067
0.3367 0.6333
0.3367 0.6933
0.3367 0.8433
0.3367 0.8700
0.3367 0.9467
0.3400 0.1000
0.3400 0.1167
0.3400 0.1300
0.3400 0.1567
0.3400 0.1767
0.3400 0.3733
0.3400 0.3800
0.3400 0.3900
0.3400 0.4533
0.3400 0.6167
0.3400 0.6700
0.3400 0.8433
0.3400 0.8733
0.3400 0.9000
0.3400 0.9267
0.3400 0.9400
0.3433 0.1000
0.3433 0.1067
0.3433 0.1200
0.3433 0.1233
0.3433 0.1733
0.3433 0.1767
0.3433 0.2100
0.3433 0.4500
0.3433 0.6367
0.3433 0.6533
0.3433 0.6833
0.3433 0.9033
0.3433 0.9267
0.3433 0.9467
0.3467 0.1333
0.3467 0.1767
0.3467 0.3200
0.3467 0.3900
0.3467 0.5933
0.3467 0.6600
0.3467 0.6867
0.3467 0.8700
0.3467 0.8900
0.3467 0.9000
0.3467 0.9033
0.3500 0.2000
0.3500 0.3267
0.3500 0.3467
0.3500 0.5800
0.3500 0.5900
0.3500 0.8600
0.3500 0.8667
0.3500 0.8867
0.3500 0.8967
0.3500 0.9033
0.3500 0.9267
0.3533 0.0900
0.3533 0.1167
0.3533 0.1233
0.3533 0.1700
0.3533 0.1800
0.3533 0.1867
0.3533 0.2100
0.3533 0.3267
0.3533 0.3700
0.3533 0.3733
0.3533 0.3967
0.3533 0.5633
0.3533 0.5700
0.3533 0.6367
0.3533 0.6400
0.3533 0.6867
0.3533 0.8567
0.3533 0.9100
0.3533 0.9167
0.3533 0.9333
0.3533 0.9400
0.3567 0.1133
0.3567 0.1833
0.3567 0.3600
0.3567 0.3733
0.3567 0.4000
0.3567 0.4433
0.3567 0.5700
0.3567 0.6300
0.3567 0.6800
0.3567 0.6867
0.3567 0.8600
0.3567 0.8767
0.3567 0.8867
0.3567 0.9300
0.3600 0.1000
0.3600 0.1167
0.3600 0.3800
0.3600 0.3900
0.3600 0.5567
0.3600 0.5600
0.3600 0.6867
0.3600 0.8667
0.3600 0.8800
0.3600 0.9233
0.3633 0.0933
0.3633 0.1333
0.3633 0.1600
0.3633 0.1700
0.3633 0.3300
0.3633 0.4133
0.3633 0.4233
0.3633 0.4267
0.3633 0.5767
0.3633 0.5900
0.3633 0.6400
0.3633 0.6633
0.3633 0.8767
0.3633 0.8867
0.3667 0.1667
0.3667 0.3333
0.3667 0.4100
0.3667 0.4400
0.3667 0.5967
0.3667 0.6500
0.3667 0.6567
0.3667 0.8667
0.3667 0.9167
0.3700 0.0633
0.3700 0.1433
0.3700 0.1933
0.3700 0.2133
0.3700 0.2200
0.3700 0.3267
0.3700 0.6467
0.3700 0.6567
0.3700 0.9033
0.3700 0.9133
0.3733 0.1700
0.3733 0.1767
0.3733 0.2067
0.3733 0.3267
0.3733 0.3300
0.3733 0.4100
0.3733 0.4433
0.3733 0.5667
0.3733 0.5833
0.3733 0.8633
0.3733 0.9000
0.3733 0.9267
0.3767 0.0967
0.3767 0.1200
0.3767 0.1333
0.3767 0.1533
0.3767 0.1933
0.3767 0.3233
0.3767 0.3600
0.3767 0.4133
0.3767 0.4300
0.3767 0.4333
0.3767 0.5700
0.3767 0.5767
0.3767 0.5867
0.3767 0.6000
0.3767 0.6300
0.3767 0.6533
0.3767 0.6567
0.3767 0.8433
0.3767 0.8600
0.3767 0.8733
0.3767 0.9100
0.3800 0.1133
0.3800 0.1233
0.3800 0.1267
0.3800 0.1300
0.3800 0.1800
0.3800 0.2067
0.3800 0.2167
0.3800 0.3567
0.3800 0.3667
0.3800 0.4000
0.3800 0.4200
0.3800 0.4300
0.3800 0.4333
0.3800 0.6433
0.3800 0.8467
0.3800 0.8800
0.3800 0.8867
0.3800 0.9167
0.3833 0.0900
0.3833 0.1167
0.3833 0.1400
0.3833 0.1467
0.3833 0.1933
0.3833 0.1967
0.3833 0.3233
0.3833 0.3467
0.3833 0.3533
0.3833 0.4333
0.3833 0.6100
0.3833 0.6333
0.3833 0.6567
0.3833 0.8367
0.3833 0.9167
0.3833 0.9200
0.3833 0.9233
0.3867 0.1100
0.3867 0.1267
0.3867 0.1333
0.3867 0.1800
0.3867 0.2100
0.3867 0.3267
0.3867 0.3367
0.3867 0.3600
0.3867 0.3967
0.3867 0.6367
0.3867 0.8667
0.3867 0.8800
0.3867 0.8867
0.3867 0.9000
0.3867 0.9367
0.3900 0.0867
0.3900 0.0900
0.3900 0.1100
0.3900 0.1367
0.3900 0.3200
0.3900 0.3433
0.3900 0.3567
0.3900 0.3933
0.3900 0.4400
0.3900 0.5800
0.3900 0.5933
0.3900 0.6133
0.3900 0.6167
0.3900 0.8333
0.3900 0.8500
0.3900 0.8700
0.3900 0.9167
0.3900 0.9400
0.3933 0.0833
0.3933 0.1400
0.3933 0.1667
0.3933 0.2067
0.3933 0.2333
0.3933 0.2600
0.3933 0.3433
0.3933 0.3600
0.3933 0.3667
0.3933 0.3833
0.3933 0.4100
0.3933 0.4133
0.3933 0.4167
0.3933 0.5900
0.3933 0.6300
0.3933 0.6600
0.3933 0.8433
0.3933 0.8500
0.3933 0.8600
0.3933 0.8733
0.3933 0.9267
0.3967 0.1300
0.3967 0.1500
0.3967 0.1900
0.3967 0.1933
0.3967 0.3167
0.3967 0.3400
0.3967 0.3567
0.3967 0.3733
0.3967 0.5433
0.3967 0.5800
0.3967 0.5967
0.3967 0.6100
0.3967 0.6400
0.3967 0.6433
0.3967 0.8533
0.3967 0.8667
0.3967 0.9467
0.4000 0.1633
0.4000 0.3433
0.4000 0.3867
0.4000 0.3967
0.4000 0.5300
0.4000 0.5800
0.4000 0.6433
0.4000 0.6467
0.4000 0.6533
0.4000 0.8467
0.4000 0.8567
0.4000 0.8967
0.4000 0.9133
0.4000 0.9433
0.4033 0.0833
0.4033 0.2333
0.4033 0.3200
0.4033 0.3700
0.4033 0.3833
0.4033 0.3967
0.4033 0.4100
0.4033 0.4167
0.4033 0.5333
0.4033 0.6167
0.4033 0.6533
0.4033 0.8500
0.4033 0.9233
0.4033 0.9300
0.4033 0.9400
0.4067 0.0767
0.4067 0.0900
0.4067 0.1433
0.4067 0.2067
0.4067 0.2533
0.4067 0.3200
0.4067 0.3233
0.4067 0.3333
0.4067 0.3967
0.4067 0.5533
0.4067 0.5767
0.4067 0.6133
0.4067 0.6333
0.4067 0.6367
0.4067 0.8500
0.4067 0.8833
0.4067 0.9467
0.4100 0.0900
0.4100 0.2000
0.4100 0.2300
0.4100 0.3267
0.4100 0.3867
0.4100 0.4067
0.4100 0.5033
0.4100 0.5433
0.4100 0.5700
0.4100 0.6533
0.4100 0.9233
0.4133 0.1967
0.4133 0.2100
0.4133 0.2633
0.4133 0.3333
0.4133 0.3800
0.4133 0.4833
0.4133 0.5233
0.4133 0.5667
0.4133 0.6500
0.4133 0.6567
0.4133 0.8733
0.4133 0.9300
0.4167 0.1600
0.4167 0.1667
0.4167 0.2433
0.4167 0.2600
0.4167 0.3733
0.4167 0.3767
0.4167 0.3833
0.4167 0.5000
0.4167 0.5267
0.4167 0.5300
0.4167 0.5433
0.4167 0.5467
0.4167 0.5867
0.4167 0.5933
0.4167 0.6133
0.4167 0.6733
0.4200 0.1067
0.4200 0.1133
0.4200 0.1233
0.4200 0.1700
0.4200 0.2300
0.4200 0.2400
0.4200 0.2500
0.4200 0.2567
0.4200 0.2633
0.4200 0.5667
0.4200 0.5800
0.4200 0.5867
0.4233 0.1233
0.4233 0.1767
0.4233 0.1900
0.4233 0.1933
0.4233 0.2167
0.4233 0.2367
0.4233 0.2533
0.4233 0.5000
0.4233 0.5533
0.4233 0.5767
0.4233 0.5867
0.4233 0.6033
0.4267 0.1533
0.4267 0.2400
0.4267 0.2500
0.4267 0.2600
0.4267 0.4867
0.4267 0.5667
0.4267 0.5800
0.4267 0.6033
0.4267 0.6200
0.4267 0.6367
0.4267 0.6633
0.4300 0.1200
0.4300 0.1333
0.4300 0.2100
0.4300 0.2333
0.4300 0.2633
0.4300 0.2767
0.4300 0.2800
0.4300 0.4967
0.4300 0.5767
0.4300 0.5900
0.4300 0.6067
0.4300 0.6267
0.4300 0.6367
0.4333 0.1233
0.4333 0.1467
0.4333 0.1833
0.4333 0.1900
0.4333 0.2000
0.4333 0.2167
0.4333 0.2300
0.4333 0.2700
0.4333 0.5267
0.4333 0.5733
0.4333 0.6267
0.4367 0.1167
0.4367 0.1667
0.4367 0.1700
0.4367 0.2000
0.4367 0.2167
0.4367 0.2767
0.4367 0.4767
0.4367 0.4967
0.4367 0.5500
0.4367 0.5867
0.4367 0.5900
0.4367 0.6367
0.4400 0.1100
0.4400 0.1167
0.4400 0.1633
0.4400 0.2067
0.4400 0.2800
0.4400 0.3400
0.4400 0.4967
0.4400 0.5033
0.4433 0.1133
0.4433 0.1467
0.4433 0.1967
0.4433 0.2933
0.4433 0.3033
0.4433 0.3200
0.4433 0.4867
0.4433 0.5033
0.4433 0.5433
0.4433 0.5867
0.4433 0.6000
0.4433 0.6133
0.4467 0.1167
0.4467 0.1333
0.4467 0.1733
0.4467 0.1767
0.4467 0.2467
0.4467 0.2800
0.4467 0.3033
0.4467 0.3067
0.4467 0.3100
0.4467 0.4433
0.4467 0.4867
0.4467 0.5067
0.4467 0.5300
0.4467 0.5567
0.4467 0.5867
0.4467 0.6033
0.4467 0.6333
0.4500 0.1100
0.4500 0.1533
0.4500 0.1667
0.4500 0.1800
0.4500 0.2000
0.4500 0.2467
0.4500 0.2633
0.4500 0.2667
0.4500 0.3433
0.4500 0.6033
0.4500 0.6367
0.4533 0.1233
0.4533 0.1433
0.4533 0.1600
0.4533 0.1633
0.4533 0.1700
0.4533 0.1967
0.4533 0.2167
0.4533 0.2533
0.4533 0.3400
0.4533 0.3900
0.4533 0.4667
0.4533 0.4700
0.4533 0.4867
0.4533 0.4933
0.4533 0.5033
0.4533 0.5100
0.4533 0.5367
0.4533 0.5467
0.4533 0.5567
0.4533 0.5600
0.4567 0.1233
0.4567 0.1467
0.4567 0.1500
0.4567 0.1567
0.4567 0.2467
0.4567 0.3333
0.4567 0.3700
0.4567 0.4233
0.4567 0.4633
0.4567 0.4667
0.4567 0.4867
0.4567 0.5600
0.4600 0.1233
0.4600 0.1633
0.4600 0.3100
0.4600 0.3233
0.4600 0.3300
0.4600 0.4200
0.4600 0.4467
0.4600 0.4800
0.4600 0.5300
0.4600 0.5333
0.4600 0.5367
0.4600 0.5567
0.4633 0.1200
0.4633 0.1567
0.4633 0.1600
0.4633 0.2400
0.4633 0.2533
0.4633 0.2667
0.4633 0.2833
0.4633 0.3067
0.4633 0.3133
0.4633 0.4433
0.4633 0.4733
0.4633 0.4767
0.4633 0.5067
0.4633 0.5400
0.4667 0.1100
0.4667 0.1433
0.4667 0.1500
0.4667 0.1533
0.4667 0.2100
0.4667 0.3967
0.4667 0.4000
0.4667 0.4167
0.4667 0.4233
0.4667 0.4300
0.4667 0.4467
0.4667 0.4533
0.4667 0.5533
0.4667 0.6233
0.4667 0.6400
0.4700 0.1467
0.4700 0.1967
0.4700 0.2167
0.4700 0.2333
0.4700 0.3933
0.4700 0.3967
0.4700 0.4633
0.4700 0.4767
0.4700 0.4833
0.4700 0.5000
0.4700 0.5067
0.4700 0.6367
0.4700 0.6400
0.4733 0.1100
0.4733 0.1500
0.4733 0.1600
0.4733 0.1867
0.4733 0.3000
0.4733 0.3967
0.4733 0.4000
0.4733 0.4033
0.4733 0.4733
0.4733 0.5200
0.4733 0.6400
0.4767 0.1567
0.4767 0.1867
0.4767 0.1933
0.4767 0.1967
0.4767 0.2067
0.4767 0.2267
0.4767 0.3767
0.4767 0.4200
0.4767 0.4833
0.4767 0.4967
0.4767 0.5500
0.4767 0.6100
0.4767 0.6200
0.4800 0.1600
0.4800 0.2467
0.4800 0.2700
0.4800 0.2767
0.4800 0.2933
0.4800 0.3033
0.4800 0.3400
0.4800 0.3933
0.4800 0.4967
0.4800 0.5167
0.4800 0.5200
0.4800 0.5733
0.4800 0.6233
0.4833 0.1500
0.4833 0.2333
0.4833 0.2400
0.4833 0.2633
0.4833 0.2967
0.4833 0.3000
0.4833 0.3567
0.4833 0.3667
0.4833 0.4033
0.4833 0.4833
0.4833 0.5133
0.4833 0.5433
0.4833 0.5700
0.4833 0.6000
0.4833 0.6200
0.4833 0.6300
0.4867 0.2300
0.4867 0.3433
0.4867 0.3933
0.4867 0.4300
0.4867 0.4700
0.4867 0.5667
0.4867 0.6100
0.4867 0.6133
0.4900 0.1500
0.4900 0.1633
0.4900 0.2200
0.4900 0.2367
0.4900 0.2467
0.4900 0.2533
0.4900 0.3033
0.4900 0.3333
0.4900 0.3567
0.4900 0.3867
0.4900 0.4267
0.4900 0.4600
0.4900 0.4700
0.4900 0.5533
0.4900 0.5767
0.4900 0.6067
0.4933 0.1500
0.4933 0.1700
0.4933 0.2367
0.4933 0.2433
0.4933 0.2467
0.4933 0.3733
0.4933 0.4167
0.4933 0.4433
0.4933 0.4633
0.4933 0.4767
0.4933 0.5067
0.4933 0.5133
0.4933 0.5267
0.4933 0.5333
0.4933 0.5633
0.4933 0.6067
0.4967 0.1533
0.4967 0.2433
0.4967 0.3500
0.4967 0.3700
0.4967 0.3933
0.4967 0.4233
0.4967 0.4600
0.4967 0.4767
0.4967 0.5033
0.4967 0.5200
0.4967 0.5533
0.4967 0.5567
0.5000 0.1733
0.5000 0.1867
0.5000 0.2133
0.5000 0.2767
0.5000 0.2867
0.5000 0.3600
0.5000 0.4600
0.5000 0.4667
0.5000 0.4800
0.5000 0.5167
0.5000 0.5500
0.5000 0.5567
0.5000 0.5633
0.5000 0.6100
0.5033 0.2067
0.5033 0.3533
0.5033 0.3600
0.5033 0.3767
0.5033 0.3867
0.5033 0.3967
0.5033 0.4600
0.5033 0.5067
0.5033 0.5200
0.5033 0.5467
0.5033 0.5567
0.5033 0.5900
0.5033 0.6033
0.5067 0.1833
0.5067 0.2300
0.5067 0.2400
0.5067 0.2433
0.5067 0.2467
0.5067 0.2533
0.5067 0.3733
0.5067 0.4033
0.5067 0.4167
0.5067 0.4200
0.5067 0.4367
0.5067 0.4900
0.5067 0.5367
0.5067 0.5400
0.5067 0.5533
0.5100 0.1700
0.5100 0.2233
0.5100 0.2367
0.5100 0.3067
0.5100 0.3533
0.5100 0.3700
0.5100 0.3733
0.5100 0.4400
0.5100 0.4900
0.5133 0.1667
0.5133 0.2133
0.5133 0.2333
0.5133 0.2900
0.5133 0.3433
0.5133 0.3700
0.5133 0.4233
0.5133 0.4600
0.5133 0.4667
0.5167 0.2867
0.5167 0.3033
0.5167 0.3567
0.5167 0.3700
0.5167 0.3867
0.5167 0.4800
0.5167 0.5000
0.5167 0.5067
0.5167 0.5233
0.5167 0.5333
0.5167 0.5367
0.5167 0.5400
0.5200 0.2600
0.5200 0.2700
0.5200 0.2833
0.5200 0.3233
0.5200 0.3267
0.5200 0.5200
0.5233 0.1967
0.5233 0.2633
0.5233 0.2833
0.5233 0.3067
0.5233 0.3267
0.5233 0.3767
0.5233 0.3967
0.5233 0.5333
0.5267 0.2833
0.5267 0.3500
0.5267 0.3967
0.5267 0.4933
0.5300 0.2200
0.5300 0.2733
0.5300 0.3200
0.5300 0.3400
0.5300 0.3567
0.5300 0.3867
0.5300 0.3900
0.5300 0.4100
0.5300 0.4733
0.5300 0.4933
0.5300 0.5067
0.5300 0.5300
0.5333 0.2800
0.5333 0.2900
0.5333 0.3000
0.5333 0.3633
0.5333 0.4767
0.5333 0.5067
0.5333 0.5100
0.5333 0.5133
0.5333 0.5233
0.5367 0.2400
0.5367 0.2867
0.5367 0.3167
0.5367 0.3267
0.5367 0.3633
0.5367 0.3967
0.5367 0.4967
0.5367 0.5133
0.5367 0.5233
0.5367 0.5267
0.5367 0.5300
0.5400 0.3967
0.5400 0.4067
0.5400 0.4267
0.5400 0.4433
0.5400 0.4467
0.5400 0.4700
0.5400 0.5233
0.5400 0.5300
0.5433 0.2333
0.5433 0.2467
0.5433 0.3067
0.5433 0.3800
0.5433 0.3867
0.5433 0.4433
0.5467 0.2700
0.5467 0.3900
0.5500 0.2133
0.5500 0.2233
0.5500 0.2300
0.5500 0.2533
0.5500 0.2867
0.5500 0.4233
0.5500 0.4567
0.5500 0.4667
0.5500 0.4733
0.5500 0.5000
0.5533 0.2067
0.5533 0.2133
0.5533 0.3467
0.5533 0.3533
0.5533 0.3633
0.5533 0.4800
0.5567 0.2233
0.5567 0.3100
0.5567 0.3533
0.5567 0.3567
0.5567 0.3933
0.5567 0.4000
0.5567 0.4067
0.5567 0.4600
0.5600 0.2200
0.5600 0.2500
0.5600 0.2800
0.5600 0.3033
0.5600 0.3500
0.5600 0.3833
0.5600 0.4000
0.5600 0.4033
0.5600 0.4600
0.5600 0.4633
0.5600 0.4833
0.5600 0.4967
0.5600 0.5033
0.5600 0.5167
0.5633 0.2267
0.5633 0.2900
0.5633 0.4267
0.5633 0.4467
0.5633 0.4900
0.5633 0.5033
0.5667 0.2333
0.5667 0.3633
0.5667 0.4367
0.5667 0.4467
0.5667 0.4733
0.5667 0.4767
0.5700 0.2900
0.5700 0.4300
0.5733 0.2300
0.5733 0.2433
0.5733 0.2500
0.5733 0.3667
0.5733 0.3833
0.5733 0.4700
0.5733 0.4933
0.5767 0.2967
0.5767 0.3033
0.5767 0.3833
0.5767 0.4000
0.5767 0.4500
0.5800 0.2967
0.5800 0.3800
0.5800 0.3833
0.5800 0.4100
0.5833 0.3800
0.5833 0.4100
0.5833 0.4200
0.5833 0.4267
0.5833 0.4400
0.5833 0.4500
0.5833 0.4600
0.5867 0.4200
0.5867 0.4433
0.5900 0.3600
0.5900 0.3633
0.5900 0.4300
