0.0043 0.1927
-0.1463 -0.0819
-0.0179 -0.0826
0.0891 0.2139
-0.0302 0.1504
-0.1149 -0.0075
0.0949 0.1465
-0.0851 0.0868
0.0233 -0.0501
0.0535 0.0076
-0.1198 -0.1153
-0.1006 0.0621
0.0771 0.0440
0.1075 0.2007
0.0603 0.2356
-0.0187 -0.1048
-0.0739 0.0941
0.0363 0.2041
-0.0760 -0.1171
0.0903 0.1650
-0.0393 -0.1082
-0.1249 -0.0694
0.0917 0.1255
-0.0996 -0.1222
-0.0424 -0.1017
-0.0418 0.1568
0.0635 0.0042
-0.0947 -0.1511
0.0440 0.1963
-0.1386 -0.1241
-0.0792 -0.1346
-0.0911 0.0675
0.0174 -0.0532
-0.0179 -0.1072
0.0307 -0.0409
-0.1411 -0.0684
0.0271 -0.0285
-0.0587 -0.1302
0.0380 -0.0074
-0.1144 -0.1301
0.0809 0.0465
0.1129 0.1725
-0.1311 -0.1303
-0.0226 0.1721
-0.0966 0.0723
-0.0572 0.1394
0.0614 0.0050
-0.0484 -0.1117
-0.1224 -0.1172
0.1064 0.2033
-0.0734 -0.1391
-0.0003 0.1851
-0.1439 -0.0979
-0.0777 0.0809
0.0711 0.2369
0.0914 0.0717
-0.1400 -0.0785
-0.1340 -0.0939
-0.1072 0.0287
-0.1286 -0.0160
0.0976 0.0965
0.1171 0.1579
0.0874 0.0491
0.0942 0.1999
-0.1064 -0.1416
0.0618 0.2081
-0.1164 -0.0101
-0.0006 0.1937
-0.0271 0.1529
0.0550 0.0019
0.1077 0.1280
-0.0913 0.0706
0.0558 -0.0063
-0.0652 -0.1343
-0.1306 -0.0926
0.0839 0.1870
0.0940 0.0605
0.1085 0.1484
-0.0791 -0.1422
0.1002 0.1420
-0.1203 -0.0134
0.0939 0.1177
0.0050 -0.0746
-0.1177 -0.0924
0.1074 0.1076
0.1100 0.1633
-0.1295 -0.1345
0.0547 0.2041
-0.1075 -0.1234
0.0066 0.2010
-0.0622 -0.1370
-0.0456 -0.1250
0.1077 0.1690
0.0984 0.2332
0.0767 0.2326
-0.0512 0.1390
0.0865 0.2096
0.0884 0.2225
-0.1180 -0.0903
-0.0262 0.1535
0.1136 0.1192
-0.0345 0.1514
0.0833 0.2117
-0.0687 -0.1243
-0.0303 0.1437
-0.0698 -0.1265
-0.1205 -0.1077
0.0467 -0.0219
-0.1271 -0.1400
0.0059 -0.0660
-0.0494 0.1313
-0.0787 0.0984
-0.1399 -0.1119
0.0882 0.1048
-0.0945 -0.1556
-0.0930 0.0593
-0.1332 -0.0514
0.0499 0.0006
-0.0133 -0.0913
0.0932 0.1051
-0.0626 0.1131
-0.1443 -0.0675
-0.0793 -0.1438
0.0939 0.2254
-0.0092 0.1943
-0.1169 -0.1555
-0.1280 -0.1041
0.0982 0.1838
-0.1449 -0.0705
0.0071 0.1959
-0.1313 -0.0222
0.0850 0.1826
-0.0728 0.1037
-0.0739 0.1077
-0.0486 0.1488
0.1009 0.1063
-0.0299 -0.0981
-0.0840 -0.1395
-0.1356 -0.0102
0.0188 -0.0365
0.0333 0.1951
-0.1193 -0.1093
0.1023 0.1128
-0.1022 -0.1419
-0.1059 0.0420
-0.0635 0.1272
-0.0294 0.1518
0.0797 0.2081
-0.0518 0.1281
-0.0605 -0.1336
0.0180 -0.0509
-0.1364 -0.0367
-0.1191 -0.1235
-0.0939 -0.1457
0.0660 0.2379
-0.0479 -0.1148
-0.1247 -0.0346
0.0499 0.0002
-0.0365 -0.1075
-0.0509 0.1386
-0.1297 -0.1414
0.0762 0.0318
0.1137 0.1741
-0.0905 0.0891
0.0063 -0.0560
0.0034 0.1911
-0.0076 -0.0913
0.0572 0.2106
-0.0074 -0.0853
-0.0174 -0.1005
-0.0349 0.1653
0.0015 -0.0874
-0.0470 -0.1096
-0.1229 -0.1426
-0.0608 0.1089
-0.0691 -0.1235
0.0868 0.2118
0.0976 0.2284
0.0652 0.0101
-0.1028 -0.1419
-0.1157 -0.1431
-0.0559 -0.1146
-0.0147 -0.0964
-0.0176 0.1783
-0.1048 -0.1545
-0.0082 -0.0981
-0.1411 -0.0588
-0.0523 0.1136
-0.1120 0.0367
-0.0141 -0.1045
-0.1502 -0.0889
0.1142 0.1294
-0.1190 -0.1543
0.0964 0.1059
-0.0901 -0.1139
-0.0575 0.1310
0.0977 0.2099
0.0977 0.1032
0.0692 0.2259
-0.1256 -0.0511
-0.1162 -0.0038
-0.0353 -0.1134
-0.1302 -0.1118
-0.0592 0.1265
-0.0739 0.1081
0.0942 0.1422
0.0230 0.1916
-0.0976 -0.1502
-0.1188 -0.0303
0.0999 0.2182
0.0977 0.0965
-0.0803 0.0766
-0.1499 -0.1055
-0.0489 -0.1195
-0.1010 0.0556
0.1142 0.2002
-0.0862 -0.1213
-0.0525 -0.1084
0.0941 0.2124
-0.0657 0.1285
-0.0624 0.1290
-0.0556 -0.1232
-0.0327 0.1699
0.0472 -0.0129
0.1132 0.1345
0.0786 0.2266
-0.1266 0.0124
-0.0321 0.1501
0.0406 -0.0136
0.0722 0.2290
0.0496 0.0107
-0.0031 0.1829
-0.0866 0.0859
-0.1106 -0.0003
-0.0575 0.1061
0.1142 0.1331
-0.0959 -0.1179
-0.0652 0.1093
-0.1297 -0.1102
0.0333 -0.0193
0.0796 0.0459
-0.1450 -0.1088
-0.0660 -0.1221
-0.1366 -0.0754
-0.1353 -0.0288
0.0717 0.2168
-0.1098 -0.1505
-0.1456 -0.1252
0.0144 0.1829
-0.0909 -0.1494
-0.1188 -0.1046
-0.1171 0.0246
-0.0573 -0.1277
-0.0791 -0.1394
0.1119 0.1563
-0.0880 -0.1203
-0.0833 -0.1431
-0.0260 -0.0921
-0.0261 -0.1069
-0.1443 -0.0812
0.0198 0.2146
-0.1292 -0.1223
0.0938 0.1833
0.0929 0.1703
0.0905 0.1718
-0.1472 -0.0788
-0.0973 0.0446
-0.1068 0.0565
-0.0727 -0.1480
-0.1214 -0.0304
-0.0572 0.1409
-0.1208 -0.0333
-0.1508 -0.0729
0.0401 0.2134
-0.0367 0.1564
-0.0099 -0.0979
0.0998 0.0988
0.0868 0.1886
-0.0917 0.0712
0.0925 0.0613
-0.0344 0.1461
-0.0118 -0.0704
-0.0877 -0.1408
0.0357 0.1985
0.0866 0.1851
0.0422 0.2035
-0.0002 0.1886
-0.1328 -0.0466
-0.0952 0.0493
0.0695 0.2151
-0.1232 -0.0034
-0.0916 -0.1463
0.0469 0.2171
0.0413 -0.0083
-0.0037 -0.0642
-0.0866 0.0841
-0.1037 0.0301
-0.0719 0.1191
0.0997 0.1177
-0.0729 -0.1259
-0.0945 -0.1236
0.0792 0.2000
-0.1155 -0.0034
-0.0357 0.1398
-0.0955 0.0481
-0.1422 -0.0633
0.0878 0.2362
0.0407 -0.0370
-0.1171 -0.0999
-0.0315 -0.0882
0.0863 0.0863
0.0959 0.1625
0.0555 0.2006
0.0635 0.0058
0.1027 0.1248
0.0574 0.2192
0.0954 0.0763
-0.1247 -0.0854
0.0220 -0.0527
0.0610 0.0315
-0.1292 0.0007
-0.0353 0.1545
-0.0599 0.1223
0.0171 0.2029
0.0042 0.1829
-0.0221 -0.1115
0.0718 0.2341
0.0117 -0.0617
-0.0537 -0.1203
-0.0686 -0.1212
-0.0009 0.1772
0.0862 0.2407
0.0325 0.2197
0.0572 0.0064
0.0198 0.1879
0.0041 0.1944
0.1074 0.1950
-0.0192 0.1537
-0.0053 -0.0948
-0.0387 -0.1248
-0.0105 0.1776
0.1010 0.2321
-0.0963 0.0574
-0.1158 0.0336
0.0744 0.0272
-0.1188 0.0147
0.0813 0.0506
-0.1356 -0.0950
0.0137 -0.0684
-0.1452 -0.1315
-0.0034 -0.0850
0.0876 0.1855
-0.0335 0.1485
-0.1007 -0.1170
0.0222 -0.0427
-0.0450 -0.1166
-0.1274 -0.0817
-0.0673 0.1141
-0.1240 -0.1478
0.1078 0.2116
0.1209 0.1801
0.1081 0.1903
0.0531 0.2271
-0.0751 -0.1296
-0.0532 -0.1181
-0.1070 0.0218
-0.1115 -0.1266
0.0629 0.0350
-0.1411 -0.1108
0.1021 0.0951
-0.0664 0.0963
0.1105 0.1381
-0.0841 -0.1463
-0.0916 -0.1335
0.0102 -0.0504
0.0101 -0.0517
-0.1056 0.0417
-0.0745 -0.1219
-0.0332 0.1467
0.0207 0.2072
-0.0152 -0.0957
0.0117 -0.0754
-0.0548 0.1295
-0.0562 -0.1131
-0.1320 -0.0474
-0.0678 -0.1439
-0.0535 0.1323
0.0620 0.2227
0.0922 0.1000
-0.0439 0.1495
-0.1171 -0.1035
0.1143 0.1881
0.1068 0.1922
-0.0450 -0.1167
-0.1320 -0.0836
-0.1226 -0.0199
0.0613 0.0128
-0.1153 0.0075
-0.0916 0.0776
-0.0867 -0.1300
0.0971 0.1431
-0.1202 -0.1129
-0.1122 -0.1161
0.0544 0.2327
-0.0892 0.0789
0.0420 0.2085
0.1158 0.1786
-0.0827 -0.1374
0.0793 0.0758
-0.1064 -0.1428
0.0655 0.0439
0.0199 0.2017
0.1011 0.0810
-0.1296 -0.0666
0.1007 0.1515
-0.0976 0.0443
-0.1162 0.0145
0.1016 0.1843
0.0720 0.0471
-0.0524 -0.1122
-0.0290 0.1500
-0.0645 -0.1245
0.0024 0.1841
-0.1110 -0.1499
-0.1338 -0.0236
0.0093 0.2020
-0.0458 -0.1217
-0.1304 -0.1315
0.0290 0.2219
-0.1273 -0.0284
-0.0534 -0.1270
0.0810 0.2188
-0.0474 -0.1325
0.0454 0.2339
-0.1238 -0.1486
-0.1298 -0.1317
-0.0179 0.1722
0.0997 0.2260
-0.0116 0.1795
-0.0852 0.0794
-0.1174 0.0276
-0.1235 -0.0010
0.0342 -0.0421
0.1038 0.1016
0.0482 0.1996
-0.1325 -0.1285
0.0755 0.2132
0.0166 0.2006
-0.1474 -0.0784
-0.0826 0.0746
-0.0020 0.1772
-0.1091 -0.1329
-0.1347 -0.0256
0.0615 0.2091
0.0704 0.2364
-0.1436 -0.0827
-0.1421 -0.1343
-0.1223 -0.1368
-0.0425 0.1494
-0.0176 -0.0923
-0.1347 -0.0984
-0.0470 0.1498
-0.0530 -0.1192
-0.1057 0.0484
-0.1319 -0.0604
-0.1212 -0.0926
-0.1144 -0.1076
0.1005 0.1470
-0.0977 0.0748
0.0639 0.2172
-0.1444 -0.0957
0.0302 -0.0425
0.1089 0.1379
-0.0052 -0.0943
0.0588 0.2375
-0.0644 -0.1262
0.1043 0.1916
-0.0249 -0.1095
0.1068 0.1900
-0.0199 0.1772
0.0557 0.0094
0.0236 0.2213
-0.1263 -0.0557
-0.0688 0.1242
-0.1287 0.0059
-0.1238 0.0164
0.0873 0.1810
-0.0626 -0.1140
-0.0248 0.1660
-0.0425 -0.1227
0.0679 0.2366
0.0622 0.0237
0.0740 0.0272
0.0508 -0.0060
0.1044 0.2310
-0.0698 -0.1155
-0.0996 -0.1155
0.0701 0.0457
0.0981 0.0910
0.1002 0.0975
-0.1861 -0.3956
-0.2355 -0.3933
-0.2998 -0.1671
-0.3224 -0.1840
0.2730 0.3516
-0.2976 0.2418
0.1177 0.4393
-0.3079 0.0119
0.2820 -0.3280
0.2937 -0.3072
-0.1134 0.4044
-0.3368 -0.0774
-0.3273 0.1295
-0.2450 0.2775
-0.2950 -0.2353
-0.3202 -0.2080
-0.2419 0.3143
0.3114 0.2886
-0.0345 -0.4913
-0.1156 -0.4965
-0.3126 -0.1272
-0.2934 0.2033
-0.1713 0.3740
0.3656 -0.1369
-0.3034 0.1937
-0.0016 0.4806
-0.2241 -0.3433
0.3817 -0.1558
0.1219 0.4382
-0.2798 0.2447
-0.1033 -0.5123
0.0799 0.4560
0.1329 0.4078
0.2575 -0.4157
0.0575 -0.4857
-0.2953 0.2328
-0.3115 0.0566
-0.2693 -0.2749
-0.3312 -0.0427
-0.1707 -0.4111
-0.2701 0.2658
0.2750 -0.3485
0.2831 0.2714
0.1326 -0.4873
0.3813 0.0155
-0.0748 0.4319
-0.0233 -0.4754
-0.3146 0.1749
0.3322 0.1479
-0.1086 -0.4550
-0.1041 -0.4730
-0.3234 0.0152
-0.3322 -0.1791
0.3698 0.1635
-0.1659 -0.4036
0.1257 -0.4629
0.2369 -0.4425
-0.0560 0.4795
0.2334 0.3672
0.3566 -0.0113
-0.1487 -0.4762
-0.1169 -0.5062
-0.0929 -0.4826
0.3605 -0.1424
-0.1797 0.3850
-0.1122 -0.4414
0.0814 -0.5205
0.3055 0.2040
0.3515 0.1478
0.1993 0.4010
0.2877 -0.3738
-0.0168 -0.5210
-0.1670 -0.4732
0.1269 -0.4812
-0.3047 -0.2298
0.3045 0.2932
-0.3119 0.1914
0.1727 -0.4652
-0.2487 -0.3233
-0.1596 0.4211
-0.2367 -0.3182
0.2981 -0.2734
-0.0978 -0.5138
-0.2781 0.1632
0.0613 0.4834
0.3677 0.0578
0.2850 -0.3087
0.3819 0.0292
-0.2204 0.3035
-0.2243 0.3158
-0.2287 -0.3865
0.3613 0.1762
-0.2624 -0.3101
0.1556 -0.5090
0.1303 0.4740
-0.2540 0.3260
0.1532 0.4296
0.2730 0.2800
-0.3184 -0.1752
0.0524 -0.5176
-0.1998 0.4006
-0.3107 0.1644
0.3526 0.1963
-0.1400 -0.4783
0.1256 0.4728
0.3515 -0.2496
0.3377 -0.1768
0.0314 0.4864
0.3533 -0.0618
0.3498 -0.0320
-0.0104 0.4558
-0.3178 -0.1411
-0.3028 -0.2702
-0.3486 -0.0254
-0.2729 -0.3363
0.3399 -0.2657
0.1773 0.4013
-0.3081 0.0476
0.1684 0.4190
-0.2707 -0.2836
-0.1096 -0.4476
-0.2805 -0.2618
0.3772 0.0560
-0.3188 -0.0855
-0.0110 -0.4799
-0.0734 0.4738
-0.2060 0.3274
-0.0275 0.4968
0.3484 -0.0777
-0.3389 -0.1565
-0.2507 0.2739
0.3493 0.1484
0.3051 -0.3132
0.3329 0.1405
0.3469 0.1451
0.2929 0.3269
-0.3007 -0.1533
-0.2930 0.2407
-0.1053 -0.4956
0.2112 -0.4151
0.0074 -0.4790
-0.3052 0.1548
0.2025 -0.4664
0.0062 -0.5212
0.1404 -0.4956
0.0661 -0.5395
0.2652 -0.3757
0.3157 0.2757
0.2608 0.3300
-0.2181 -0.3468
-0.3118 -0.0492
-0.2405 -0.3354
0.2004 0.4036
-0.3083 0.0424
0.0168 -0.5353
0.3492 -0.0514
0.3453 0.1829
-0.3103 -0.1620
0.3742 -0.0401
-0.2910 0.2056
-0.3247 -0.1554
0.3659 -0.0066
0.2125 0.3631
-0.2863 -0.1958
0.2302 0.4055
-0.0295 0.4485
0.3414 0.0879
0.3627 -0.1936
0.3522 -0.0154
-0.3338 -0.1573
-0.2852 0.1415
-0.2331 0.2958
0.1114 0.4778
0.1908 -0.4584
0.0400 0.4572
-0.3044 0.2124
-0.0101 -0.5093
0.3424 -0.1009
0.0988 -0.5201
-0.3063 -0.0820
0.3480 0.0401
-0.2991 -0.1481
0.3143 -0.3166
-0.1922 -0.3935
-0.2460 -0.3237
-0.0883 0.4534
-0.1225 0.4272
-0.3465 -0.0015
-0.1893 -0.3832
-0.1618 0.4031
-0.2799 0.2317
0.2271 0.4128
0.2273 0.3422
-0.2738 0.2234
-0.1276 0.4502
0.3420 -0.1166
0.0635 0.4618
0.2594 -0.3942
-0.2000 0.3988
-0.2798 -0.2198
-0.1624 0.3562
0.1938 0.3856
0.3822 0.0736
0.2127 -0.3904
0.3392 -0.2034
-0.0100 -0.4890
-0.1387 0.4132
0.3917 0.0500
-0.0314 0.4684
-0.0347 -0.4827
0.1118 -0.4854
0.3362 -0.1769
0.0955 -0.4695
-0.3149 -0.0334
0.3321 -0.3029
0.2812 0.3489
0.2701 -0.4014
-0.3157 -0.1839
0.3764 0.0711
-0.2577 0.2782
0.1742 -0.4403
0.3290 -0.2548
0.3349 -0.2964
-0.1834 -0.3951
0.2453 0.3842
0.3675 0.1730
0.3245 0.2627
0.0361 0.4371
-0.3383 -0.0459
0.2912 -0.2785
0.3873 0.0386
-0.3108 0.0495
0.1668 -0.4644
0.2377 -0.4157
0.0988 0.4776
0.3320 0.2602
-0.1379 0.3781
0.3260 0.1446
0.2828 0.2560
0.2786 -0.3029
0.0142 -0.5335
0.3394 0.2216
0.3669 -0.0926
-0.2565 -0.3018
0.0697 0.4393
-0.2655 0.3120
0.1007 -0.5131
0.1061 -0.4659
0.0884 0.4562
0.3435 -0.2893
0.3696 0.1250
-0.3278 -0.1773
-0.2164 0.3544
0.1314 -0.4604
0.3762 0.0675
0.3493 0.0495
-0.1067 -0.4540
0.2269 -0.4316
-0.3447 0.0245
0.3757 0.0660
-0.2201 0.3797
0.3850 -0.0017
-0.0186 -0.5076
0.0356 0.4835
0.1464 0.4124
0.3100 -0.3304
-0.2852 -0.3233
0.3578 0.1061
0.2753 0.3373
0.0806 0.4666
-0.0235 -0.5296
-0.0512 -0.4899
-0.0286 0.4458
0.3059 -0.3358
-0.3405 -0.1408
-0.0660 0.4502
0.2760 0.2720
0.2233 -0.4301
-0.2566 -0.2968
-0.3240 -0.1600
-0.2841 0.1596
0.0064 0.4392
-0.2265 -0.4029
0.3226 0.2796
-0.2983 -0.1845
0.3075 -0.2532
0.1845 0.4171
-0.1215 0.4221
-0.3242 -0.2145
-0.2823 -0.2395
-0.2759 -0.2720
0.1071 -0.5081
0.3222 -0.2723
0.3690 -0.1282
-0.2198 -0.3434
0.0321 -0.5410
0.3191 0.1980
-0.1968 0.3342
-0.0285 -0.4991
0.2213 0.3773
-0.2417 -0.3644
-0.0155 0.4598
0.3206 0.1908
0.1979 -0.4273
0.1485 -0.5036
-0.1223 -0.4827
0.2098 -0.4331
-0.1807 -0.4310
0.3730 -0.1284
-0.0535 0.4657
0.3888 -0.1094
-0.2030 -0.4416
-0.1325 -0.4325
0.3149 0.2213
-0.1216 -0.4723
0.0201 0.4580
-0.0370 0.4913
-0.2598 0.2620
0.2357 0.3859
0.2362 -0.3754
0.1735 0.3998
0.3841 -0.0392
0.1973 -0.4551
0.2688 0.3054
0.2433 -0.3571
0.0017 0.4537
0.2246 -0.4370
-0.0426 0.4791
0.2786 0.2635
-0.2711 -0.2827
-0.2357 0.2807
0.0800 0.4528
-0.3214 -0.2155
-0.2479 0.2616
0.3861 0.0900
0.2030 0.4041
-0.0899 -0.4588
0.0881 0.4757
-0.2222 0.2861
-0.0254 -0.4902
0.3378 0.1085
0.2863 -0.3639
0.2707 -0.3474
-0.1043 0.4496
0.3351 0.1414
0.1481 0.4147
0.1643 -0.5013
-0.2956 0.1796
-0.0319 0.4356
0.1108 -0.4692
-0.0166 -0.5335
-0.2734 0.2809
-0.3388 -0.0586
-0.2637 0.2610
-0.3027 0.0787
0.2347 0.3702
-0.1701 -0.4264
0.3873 0.0696
0.2480 -0.4033
0.3560 0.1839
-0.3266 -0.0489
0.1370 0.4553
-0.0303 0.4631
-0.3418 0.0139
-0.0507 -0.4892
-0.0213 0.4939
-0.3079 -0.2505
0.2930 0.3239
0.3590 0.0292
0.2800 -0.3305
-0.3007 -0.2518
0.1074 0.4565
-0.0718 0.4753
0.2173 -0.4330
-0.0736 -0.5194
0.2630 0.3642
0.3564 0.0739
-0.3047 0.0225
0.1215 0.4679
-0.3121 0.0740
-0.3209 0.1821
-0.1711 -0.4302
-0.3463 0.0472
-0.2379 -0.3869
-0.2143 0.3528
0.2693 0.3455
0.2073 -0.4557
-0.0153 -0.5262
0.1315 0.4590
0.2564 0.3558
0.2259 -0.4475
-0.3333 -0.1052
0.2945 0.2362
-0.2577 -0.3268
0.2907 0.2857
0.2748 -0.3531
0.0470 0.4798
-0.3398 0.0474
-0.2476 0.2370
0.0641 -0.5060
-0.2235 -0.3975
-0.1759 -0.3866
-0.3067 0.2113
-0.3040 -0.2128
0.3767 0.1416
0.3681 -0.2057
0.1946 -0.4417
0.3444 -0.2447
0.2086 0.3833
0.3614 -0.1595
-0.2982 -0.2716
0.2831 0.2745
-0.0237 -0.5057
0.2294 -0.4463
0.0831 0.4857
0.1637 -0.4323
-0.1322 0.4119
-0.1330 -0.4526
0.2392 0.3256
-0.2286 0.3693
0.0318 -0.5373
-0.2790 0.2449
0.2520 -0.3886
0.3503 -0.1763
-0.0555 -0.4686
0.3546 0.0272
0.0529 -0.4856
0.1879 -0.4352
-0.2302 -0.3442
0.1666 -0.5044
-0.3259 -0.0282
0.0268 0.4601
0.2338 -0.4425
0.2157 -0.4608
-0.2042 -0.3935
-0.2458 0.3366
-0.3370 0.0397
-0.2798 -0.2290
0.1928 -0.4356
-0.1119 0.4090
-0.1179 -0.4515
0.2541 0.3530
-0.1292 -0.4938
0.0208 -0.5271
0.3183 -0.2799
-0.0211 -0.5411
0.1119 -0.4757
0.3638 0.1223
-0.0624 0.4461
-0.0096 0.4454
-0.3224 -0.0729
0.3606 0.1830
-0.2368 -0.3719
-0.2742 0.2092
0.0132 0.4666
0.0523 -0.5003
0.1941 0.4433
0.3519 0.0646
0.3027 -0.2888
0.1462 0.4397
0.0376 0.4851
0.1163 -0.4669
0.1019 0.4235
-0.2317 0.2698
0.3659 -0.1609
0.3327 -0.2162
-0.1526 -0.4710
-0.1615 -0.4598
-0.2183 -0.3497
-0.2080 -0.3631
0.2334 0.3373
-0.2944 -0.1474
-0.2664 0.2927
0.3752 -0.1182
-0.3063 0.1297
0.3708 0.0921
-0.2999 0.0821
-0.3354 -0.0556
0.3723 0.0879
0.1555 -0.4489
-0.2258 0.3142
0.3201 -0.3149
0.2848 0.2793
0.3653 -0.1511
0.3570 0.0244
-0.2635 0.2810
-0.3043 -0.1848
0.3514 0.1521
-0.3278 0.0998
0.2079 -0.4010
-0.2367 -0.4009
0.0596 0.4444
0.2748 -0.3658
-0.3043 0.0475
-0.3045 -0.0294
-0.2423 -0.3071
0.3767 0.1050
0.2795 0.2758
-0.0928 0.4046
-0.0578 0.4884
